   -180.00   -0.1754    0.0060
   -179.00   -0.0953    0.0065
   -178.00   -0.0301    0.0081
   -177.00    0.0184    0.0107
   -176.00    0.0529    0.0144
   -175.00    0.0783    0.0191
   -174.00    0.0988    0.0248
   -173.00    0.1170    0.0315
   -172.00    0.1344    0.0392
   -171.00    0.1514    0.0480
   -170.00    0.1684    0.0577
   -169.00    0.1850    0.0683
   -168.00    0.2013    0.0799
   -167.00    0.2170    0.0925
   -166.00    0.2320    0.1059
   -165.00    0.2462    0.1203
   -164.00    0.2595    0.1355
   -163.00    0.2718    0.1516
   -162.00    0.2831    0.1685
   -161.00    0.2932    0.1863
   -160.00    0.3022    0.2048
   -159.00    0.3100    0.2241
   -158.00    0.3167    0.2441
   -157.00    0.3222    0.2649
   -156.00    0.3265    0.2863
   -155.00    0.3297    0.3084
   -154.00    0.3318    0.3311
   -153.00    0.3329    0.3544
   -152.00    0.3328    0.3783
   -151.00    0.3317    0.4027
   -150.00    0.3297    0.4277
   -149.00    0.3267    0.4531
   -148.00    0.3228    0.4790
   -147.00    0.3180    0.5053
   -146.00    0.3125    0.5320
   -145.00    0.3062    0.5590
   -144.00    0.2992    0.5863
   -143.00    0.2915    0.6139
   -142.00    0.2833    0.6418
   -141.00    0.2745    0.6699
   -140.00    0.2653    0.6982
   -139.00    0.2556    0.7266
   -138.00    0.2456    0.7551
   -137.00    0.2353    0.7837
   -136.00    0.2247    0.8124
   -135.00    0.2139    0.8411
   -134.00    0.2030    0.8697
   -133.00    0.1920    0.8983
   -132.00    0.1809    0.9267
   -131.00    0.1699    0.9551
   -130.00    0.1589    0.9833
   -129.00    0.1480    1.0113
   -128.00    0.1373    1.0390
   -127.00    0.1268    1.0665
   -126.00    0.1165    1.0937
   -125.00    0.1064    1.1206
   -124.00    0.0967    1.1471
   -123.00    0.0873    1.1733
   -122.00    0.0782    1.1990
   -121.00    0.0696    1.2242
   -120.00    0.0614    1.2490
   -119.00    0.0535    1.2733
   -118.00    0.0462    1.2970
   -117.00    0.0393    1.3202
   -116.00    0.0329    1.3427
   -115.00    0.0269    1.3647
   -114.00    0.0206    1.3860
   -113.00    0.0156    1.4066
   -112.00    0.0112    1.4265
   -111.00    0.0073    1.4458
   -110.00    0.0038    1.4642
   -109.00    0.0008    1.4820
   -108.00   -0.0017    1.4989
   -107.00   -0.0038    1.5150
   -106.00   -0.0055    1.5304
   -105.00   -0.0067    1.5448
   -104.00   -0.0075    1.5585
   -103.00   -0.0080    1.5712
   -102.00   -0.0081    1.5831
   -101.00   -0.0079    1.5940
   -100.00   -0.0074    1.6041
    -99.00   -0.0067    1.6132
    -98.00   -0.0057    1.6214
    -97.00   -0.0044    1.6287
    -96.00   -0.0031    1.6350
    -95.00   -0.0015    1.6404
    -94.00    0.0001    1.6447
    -93.00    0.0018    1.6482
    -92.00    0.0036    1.6506
    -91.00    0.0054    1.6521
    -90.00    0.0071    1.6526
    -89.00    0.0088    1.6521
    -88.00    0.0104    1.6506
    -87.00    0.0119    1.6482
    -86.00    0.0133    1.6447
    -85.00    0.0144    1.6403
    -84.00    0.0154    1.6350
    -83.00    0.0161    1.6287
    -82.00    0.0165    1.6214
    -81.00    0.0167    1.6132
    -80.00    0.0165    1.6041
    -79.00    0.0160    1.5940
    -78.00    0.0152    1.5830
    -77.00    0.0140    1.5712
    -76.00    0.0124    1.5584
    -75.00    0.0104    1.5448
    -74.00    0.0080    1.5303
    -73.00    0.0052    1.5150
    -72.00    0.0019    1.4988
    -71.00   -0.0017    1.4819
    -70.00   -0.0058    1.4642
    -69.00   -0.0104    1.4457
    -68.00   -0.0153    1.4264
    -67.00   -0.0207    1.4065
    -66.00   -0.0265    1.3859
    -65.00   -0.0327    1.3646
    -64.00   -0.0393    1.3426
    -63.00   -0.0462    1.3200
    -62.00   -0.0536    1.2969
    -61.00   -0.0612    1.2731
    -60.00   -0.0692    1.2488
    -59.00   -0.0775    1.2241
    -58.00   -0.0861    1.1988
    -57.00   -0.0949    1.1731
    -56.00   -0.1039    1.1469
    -55.00   -0.1131    1.1204
    -54.00   -0.1224    1.0935
    -53.00   -0.1319    1.0663
    -52.00   -0.1414    1.0387
    -51.00   -0.1510    1.0110
    -50.00   -0.1606    0.9829
    -49.00   -0.1702    0.9547
    -48.00   -0.1797    0.9263
    -47.00   -0.1891    0.8978
    -46.00   -0.1984    0.8692
    -45.00   -0.2074    0.8405
    -44.00   -0.2163    0.8118
    -43.00   -0.2249    0.7831
    -42.00   -0.2332    0.7544
    -41.00   -0.2411    0.7258
    -40.00   -0.2487    0.6973
    -39.00   -0.2559    0.6690
    -38.00   -0.2626    0.6408
    -37.00   -0.2689    0.6128
    -36.00   -0.2747    0.5850
    -35.00   -0.2801    0.5575
    -34.00   -0.2850    0.5303
    -33.00   -0.2894    0.5034
    -32.00   -0.2933    0.4768
    -31.00   -0.2969    0.4505
    -30.00   -0.3002    0.4247
    -29.00   -0.3033    0.3992
    -28.00   -0.3065    0.3741
    -27.00   -0.3101    0.3493
    -26.00   -0.3145    0.3248
    -25.00   -0.3206    0.3006
    -24.00   -0.3295    0.2764
    -23.00   -0.3429    0.2521
    -22.00   -0.3638    0.2273
    -21.00   -0.3965    0.2015
    -20.00   -0.4651    0.2380
    -17.00   -0.3976    0.2013
    -16.50   -0.3853    0.1941
    -16.00   -0.3741    0.1882
    -15.50   -0.3637    0.1829
    -15.00   -0.3541    0.1777
    -14.50   -0.3453    0.1726
    -14.00   -0.3375    0.1676
    -13.50   -0.3309    0.1627
    -13.00   -0.3258    0.1580
    -12.50   -0.3227    0.1534
    -12.00   -0.3221    0.1492
    -11.50   -0.3241    0.1453
    -11.00   -0.3153    0.1399
    -10.50   -0.2868    0.1322
    -10.00   -0.2585    0.1254
     -9.50   -0.2324    0.1192
     -9.00   -0.2050    0.1121
     -8.50   -0.1735    0.1044
     -8.00   -0.1492    0.0972
     -7.50   -0.1281    0.0857
     -7.00   -0.1114    0.0799
     -6.50   -0.0652    0.0730
     -6.00   -0.0162    0.0657
     -5.00    0.0682    0.0478
     -4.00    0.2097    0.0319
     -3.00    0.3695    0.0193
     -2.50    0.4498    0.0147
     -2.00    0.5011    0.0132
     -1.50    0.5705    0.0119
     -1.00    0.6416    0.0108
     -0.50    0.6892    0.0099
      0.50    0.7896    0.0093
      1.00    0.8520    0.0093
      1.50    0.9057    0.0094
      2.00    0.9659    0.0094
      2.50    1.0157    0.0096
      3.00    1.0706    0.0097
      3.50    1.1234    0.0098
      4.00    1.1713    0.0100
      4.50    1.2180    0.0103
      5.00    1.2628    0.0108
      5.50    1.3036    0.0114
      6.00    1.3392    0.0122
      6.50    1.3696    0.0132
      7.00    1.3911    0.0146
      7.50    1.4132    0.0161
      8.00    1.4346    0.0178
      8.50    1.4575    0.0195
      9.00    1.4772    0.0215
      9.50    1.4982    0.0236
     10.00    1.5168    0.0259
     10.50    1.5398    0.0280
     11.00    1.5564    0.0307
     11.50    1.5698    0.0337
     12.00    1.5878    0.0365
     12.50    1.6002    0.0398
     13.00    1.6066    0.0440
     13.50    1.6221    0.0474
     14.00    1.6283    0.0520
     14.50    1.6237    0.0579
     15.00    1.6344    0.0624
     15.50    1.6369    0.0679
     16.00    1.6254    0.0756
     16.50    1.6193    0.0830
     17.00    1.6223    0.0895
     17.50    1.6195    0.0970
     18.00    1.6106    0.1056
     18.50    1.5949    0.1155
     19.00    1.5738    0.1263
     19.50    1.5501    0.1371
     20.00    1.5363    0.1473
     20.50    1.5178    0.1592
     21.00    1.4930    0.1735
     21.50    1.4542    0.1930
     22.00    1.1912    0.3229
     26.50    0.9305    0.3368
     27.00    1.5561    0.3135
     28.00    1.5594    0.3408
     29.00    1.5643    0.3687
     30.00    1.5705    0.3973
     31.00    1.5778    0.4264
     32.00    1.5860    0.4561
     33.00    1.5949    0.4862
     34.00    1.6043    0.5167
     35.00    1.6140    0.5476
     36.00    1.6238    0.5789
     37.00    1.6335    0.6105
     38.00    1.6431    0.6424
     39.00    1.6523    0.6745
     40.00    1.6610    0.7068
     41.00    1.6690    0.7393
     42.00    1.6763    0.7719
     43.00    1.6828    0.8045
     44.00    1.6883    0.8373
     45.00    1.6927    0.8700
     46.00    1.6960    0.9028
     47.00    1.6981    0.9355
     48.00    1.6989    0.9680
     49.00    1.6984    1.0005
     50.00    1.6964    1.0328
     51.00    1.6929    1.0648
     52.00    1.6880    1.0966
     53.00    1.6814    1.1282
     54.00    1.6733    1.1594
     55.00    1.6635    1.1903
     56.00    1.6520    1.2208
     57.00    1.6389    1.2508
     58.00    1.6240    1.2804
     59.00    1.6074    1.3095
     60.00    1.5891    1.3380
     61.00    1.5690    1.3660
     62.00    1.5471    1.3934
     63.00    1.5235    1.4202
     64.00    1.4982    1.4463
     65.00    1.4711    1.4717
     66.00    1.4423    1.4964
     67.00    1.4118    1.5203
     68.00    1.3796    1.5434
     69.00    1.3457    1.5657
     70.00    1.3102    1.5872
     71.00    1.2731    1.6078
     72.00    1.2344    1.6275
     73.00    1.1942    1.6463
     74.00    1.1524    1.6642
     75.00    1.1093    1.6811
     76.00    1.0647    1.6970
     77.00    1.0187    1.7120
     78.00    0.9714    1.7259
     79.00    0.9229    1.7388
     80.00    0.8732    1.7506
     81.00    0.8224    1.7613
     82.00    0.7705    1.7710
     83.00    0.7176    1.7796
     84.00    0.6637    1.7871
     85.00    0.6090    1.7935
     86.00    0.5535    1.7988
     87.00    0.4972    1.8029
     88.00    0.4403    1.8059
     89.00    0.3829    1.8078
     90.00    0.3250    1.8086
     91.00    0.2666    1.8082
     92.00    0.2079    1.8067
     93.00    0.1490    1.8041
     94.00    0.0899    1.8003
     95.00    0.0308    1.7954
     96.00   -0.0284    1.7894
     97.00   -0.0874    1.7823
     98.00   -0.1463    1.7741
     99.00   -0.2049    1.7649
    100.00   -0.2631    1.7545
    101.00   -0.3209    1.7431
    102.00   -0.3782    1.7306
    103.00   -0.4348    1.7172
    104.00   -0.4908    1.7027
    105.00   -0.5460    1.6872
    106.00   -0.6003    1.6707
    107.00   -0.6536    1.6533
    108.00   -0.7244    1.6350
    109.00   -0.7752    1.6157
    110.00   -0.8249    1.5956
    111.00   -0.8733    1.5746
    112.00   -0.9204    1.5528
    113.00   -0.9660    1.5302
    114.00   -1.0102    1.5069
    115.00   -1.0529    1.4827
    116.00   -1.0940    1.4579
    117.00   -1.1334    1.4324
    118.00   -1.1711    1.4063
    119.00   -1.2070    1.3795
    120.00   -1.2411    1.3522
    121.00   -1.2733    1.3243
    122.00   -1.3036    1.2959
    123.00   -1.3319    1.2670
    124.00   -1.3582    1.2377
    125.00   -1.3824    1.2080
    126.00   -1.4046    1.1780
    127.00   -1.4247    1.1476
    128.00   -1.4427    1.1169
    129.00   -1.4585    1.0860
    130.00   -1.4721    1.0548
    131.00   -1.4836    1.0235
    132.00   -1.4930    0.9921
    133.00   -1.5001    0.9605
    134.00   -1.5051    0.9290
    135.00   -1.5079    0.8974
    136.00   -1.5086    0.8658
    137.00   -1.5071    0.8343
    138.00   -1.5035    0.8029
    139.00   -1.4978    0.7716
    140.00   -1.4901    0.7405
    141.00   -1.4803    0.7096
    142.00   -1.4686    0.6790
    143.00   -1.4549    0.6487
    144.00   -1.4393    0.6187
    145.00   -1.4219    0.5890
    146.00   -1.4027    0.5598
    147.00   -1.3817    0.5310
    148.00   -1.3592    0.5027
    149.00   -1.3350    0.4749
    150.00   -1.3094    0.4476
    151.00   -1.2823    0.4209
    152.00   -1.2539    0.3948
    153.00   -1.2244    0.3693
    154.00   -1.1937    0.3445
    155.00   -1.1620    0.3204
    156.00   -1.1295    0.2970
    157.00   -1.0964    0.2744
    158.00   -1.0627    0.2525
    159.00   -1.0288    0.2314
    160.00   -0.9950    0.2112
    161.00   -0.9615    0.1918
    162.00   -0.9287    0.1732
    163.00   -0.8974    0.1556
    164.00   -0.8681    0.1389
    165.00   -0.8419    0.1230
    166.00   -0.8200    0.1082
    167.00   -0.8038    0.0943
    168.00   -0.7948    0.0814
    169.00   -0.7936    0.0694
    170.00   -0.7985    0.0585
    171.00   -0.8028    0.0486
    172.00   -0.7949    0.0397
    173.00   -0.7635    0.0318
    174.00   -0.7054    0.0250
    175.00   -0.6276    0.0192
    176.00   -0.5398    0.0144
    177.00   -0.4489    0.0107
    178.00   -0.3578    0.0081
    179.00   -0.2666    0.0065
    180.00   -0.1754    0.0060
    180.00   -0.1754    0.0060
