
   -180.00    0.0000    0.0000
   -179.00    0.0314    0.0005
   -178.00    0.0628    0.0022
   -177.00    0.0940    0.0049
   -176.00    0.1252    0.0088
   -175.00    0.1562    0.0137
   -174.00    0.1871    0.0197
   -173.00    0.2177    0.0267
   -172.00    0.2480    0.0349
   -171.00    0.2780    0.0440
   -170.00    0.3077    0.0543
   -169.00    0.3370    0.0655
   -168.00    0.3660    0.0778
   -167.00    0.3944    0.0911
   -166.00    0.4224    0.1053
   -165.00    0.4499    0.1206
   -164.00    0.4768    0.1368
   -163.00    0.5031    0.1539
   -162.00    0.5288    0.1719
   -161.00    0.5539    0.1908
   -160.00    0.5783    0.2106
   -159.00    0.6020    0.2312
   -158.00    0.6250    0.2526
   -157.00    0.6472    0.2748
   -156.00    0.6686    0.2978
   -155.00    0.6892    0.3215
   -154.00    0.7090    0.3459
   -153.00    0.7279    0.3710
   -152.00    0.7459    0.3967
   -151.00    0.7630    0.4231
   -150.00    0.7792    0.4500
   -149.00    0.7944    0.4775
   -148.00    0.8087    0.5055
   -147.00    0.8219    0.5339
   -146.00    0.8342    0.5629
   -145.00    0.8455    0.5922
   -144.00    0.8557    0.6219
   -143.00    0.8649    0.6519
   -142.00    0.8730    0.6823
   -141.00    0.8801    0.7129
   -140.00    0.8861    0.7437
   -139.00    0.8910    0.7747
   -138.00    0.8948    0.8059
   -137.00    0.8975    0.8372
   -136.00    0.8992    0.8686
   -135.00    0.8997    0.9000
   -134.00    0.8992    0.9314
   -133.00    0.8975    0.9628
   -132.00    0.8948    0.9941
   -131.00    0.8910    1.0253
   -130.00    0.8861    1.0563
   -129.00    0.8801    1.0871
   -128.00    0.8730    1.1177
   -127.00    0.8649    1.1481
   -126.00    0.8557    1.1781
   -125.00    0.8455    1.2078
   -124.00    0.8342    1.2371
   -123.00    0.8219    1.2661
   -122.00    0.8087    1.2945
   -121.00    0.7944    1.3225
   -120.00    0.7792    1.3500
   -119.00    0.7630    1.3769
   -118.00    0.7459    1.4033
   -117.00    0.7279    1.4290
   -116.00    0.7090    1.4541
   -115.00    0.6892    1.4785
   -114.00    0.6686    1.5022
   -113.00    0.6472    1.5252
   -112.00    0.6250    1.5474
   -111.00    0.6020    1.5688
   -110.00    0.5783    1.5894
   -109.00    0.5539    1.6092
   -108.00    0.5288    1.6281
   -107.00    0.5031    1.6461
   -106.00    0.4768    1.6632
   -105.00    0.4499    1.6794
   -104.00    0.4224    1.6947
   -103.00    0.3944    1.7089
   -102.00    0.3660    1.7222
   -101.00    0.3370    1.7345
   -100.00    0.3077    1.7457
    -99.00    0.2780    1.7560
    -98.00    0.2480    1.7651
    -97.00    0.2177    1.7733
    -96.00    0.1871    1.7803
    -95.00    0.1562    1.7863
    -94.00    0.1252    1.7912
    -93.00    0.0940    1.7951
    -92.00    0.0628    1.7978
    -91.00    0.0314    1.7995
    -90.00   -0.0000    1.8000
    -89.00   -0.0314    1.8002
    -88.00   -0.0629    1.7994
    -87.00   -0.0942    1.7974
    -86.00   -0.1255    1.7944
    -85.00   -0.1567    1.7903
    -84.00   -0.1878    1.7851
    -83.00   -0.2186    1.7788
    -82.00   -0.2492    1.7715
    -81.00   -0.2796    1.7630
    -80.00   -0.3096    1.7536
    -79.00   -0.3394    1.7431
    -78.00   -0.3687    1.7316
    -77.00   -0.3976    1.7191
    -76.00   -0.4261    1.7056
    -75.00   -0.4541    1.6912
    -74.00   -0.4816    1.6757
    -73.00   -0.5086    1.6594
    -72.00   -0.5350    1.6421
    -71.00   -0.5608    1.6240
    -70.00   -0.5859    1.6050
    -69.00   -0.6104    1.5851
    -68.00   -0.6342    1.5644
    -67.00   -0.6573    1.5429
    -66.00   -0.6796    1.5207
    -65.00   -0.7012    1.4977
    -64.00   -0.7220    1.4740
    -63.00   -0.7419    1.4496
    -62.00   -0.7610    1.4246
    -61.00   -0.7793    1.3989
    -60.00   -0.7966    1.3727
    -59.00   -0.8131    1.3459
    -58.00   -0.8287    1.3186
    -57.00   -0.8433    1.2908
    -56.00   -0.8569    1.2625
    -55.00   -0.8697    1.2338
    -54.00   -0.8814    1.2048
    -53.00   -0.8922    1.1754
    -52.00   -0.9019    1.1457
    -51.00   -0.9107    1.1157
    -50.00   -0.9185    1.0854
    -49.00   -0.9252    1.0550
    -48.00   -0.9310    1.0244
    -47.00   -0.9357    0.9937
    -46.00   -0.9394    0.9629
    -45.00   -0.9422    0.9321
    -44.00   -0.9439    0.9012
    -43.00   -0.9446    0.8704
    -42.00   -0.9443    0.8396
    -41.00   -0.9430    0.8090
    -40.00   -0.9407    0.7785
    -39.00   -0.9375    0.7481
    -38.00   -0.9334    0.7180
    -37.00   -0.9283    0.6882
    -36.00   -0.9223    0.6586
    -35.00   -0.9155    0.6293
    -34.00   -0.9077    0.6005
    -33.00   -0.8992    0.5720
    -32.00   -0.8898    0.5439
    -31.00   -0.8797    0.5164
    -30.00   -0.8688    0.4893
    -29.00   -0.8573    0.4628
    -28.00   -0.8451    0.4368
    -27.00   -0.8324    0.4114
    -26.00   -0.8191    0.3867
    -25.00   -0.8053    0.3626
    -24.00   -0.7911    0.3392
    -23.00   -0.7767    0.3166
    -22.00   -0.7620    0.2947
    -21.00   -0.7472    0.2735
    -20.00   -0.5250    0.2362
    -19.50   -0.5542    0.2491
    -19.00   -0.4992    0.2157
    -18.50   -0.4840    0.2108
    -18.00   -0.5118    0.2228
    -17.50   -0.5392    0.2287
    -17.00   -0.4741    0.1957
    -16.50   -0.4526    0.1891
    -16.00   -0.4804    0.1963
    -15.50   -0.5211    0.2029
    -15.00   -0.4312    0.1740
    -14.50   -0.4354    0.1729
    -13.50   -0.4369    0.1606
    -13.00   -0.4051    0.1538
    -12.50   -0.4688    0.1640
    -12.00   -0.4162    0.1458
    -11.50   -0.3873    0.1396
    -11.00   -0.4456    0.1463
    -10.00   -0.5107    0.1255
     -9.50   -0.5276    0.1169
     -9.00   -0.5345    0.1072
     -8.50   -0.4431    0.1056
     -8.00   -0.4763    0.0979
     -7.50   -0.4996    0.0928
     -7.00   -0.5729    0.0847
     -6.50   -0.7223    0.0686
     -6.00   -0.5703    0.0767
     -5.50   -0.6336    0.0699
     -5.00   -0.7016    0.0582
     -4.50   -0.6417    0.0627
     -4.00   -0.6729    0.0522
     -3.50   -0.6350    0.0543
     -3.00   -0.6207    0.0499
     -2.50   -0.5896    0.0518
     -2.00   -0.5625    0.0483
     -1.50   -0.5388    0.0493
     -1.00   -0.5077    0.0479
     -0.50   -0.4859    0.0480
      0.00   -0.4535    0.0468
      0.50   -0.4334    0.0468
      1.00   -0.4063    0.0460
      1.50   -0.3793    0.0457
      2.00   -0.3570    0.0450
      2.50   -0.3311    0.0446
      3.00   -0.3037    0.0446
      3.50   -0.2681    0.0448
      4.00   -0.1690    0.0485
      4.50    0.0834    0.0548
      5.00    0.2693    0.0579
      5.50    0.3003    0.0573
      6.00    0.3028    0.0567
      6.50    0.3138    0.0566
      7.00    0.3576    0.0570
      7.50    0.4242    0.0572
      8.00    0.5017    0.0568
      8.50    0.6121    0.0524
      9.00    0.7863    0.0403
      9.50    0.9150    0.0354
     10.00    0.9570    0.0376
     10.50    0.9969    0.0413
     11.00    1.0371    0.0460
     11.50    1.0465    0.0507
     12.00    1.0649    0.0591
     12.50    1.0339    0.0666
     13.00    0.9796    0.0765
     13.50    0.8938    0.0923
     14.00    0.8109    0.1146
     14.50    0.6992    0.1496
     15.00    0.7258    0.1913
     15.50    0.6939    0.1908
     16.00    0.7405    0.2043
     16.50    0.7064    0.1991
     17.00    0.7087    0.2030
     17.50    0.7489    0.2160
     18.00    0.7871    0.2417
     18.50    0.7576    0.2338
     19.00    0.7606    0.2385
     19.50    0.7801    0.2479
     20.00    0.8326    0.2713
     20.50    0.8408    0.2873
     21.00    0.8174    0.2807
     21.50    0.8189    0.2862
     22.00    0.8301    0.2956
     22.50    0.8525    0.3079
     23.00    0.8900    0.3383
     23.50    0.8682    0.3362
     24.00    0.8453    0.3353
     25.00    0.7651    0.3271
     25.50    0.7588    0.3284
     26.00    0.7615    0.3323
     26.50    0.8236    0.3742
     27.00    0.7888    0.3615
     27.50    0.7635    0.3506
     28.00    0.7463    0.3425
     28.50    0.7418    0.3420
     29.00    0.7420    0.3445
     29.50    0.7430    0.3472
     30.00    0.7445    0.3498
     31.00    1.0113    0.4599
     32.00    1.0150    0.4881
     33.00    1.0183    0.5168
     34.00    1.0211    0.5459
     35.00    1.0234    0.5754
     36.00    1.0251    0.6053
     37.00    1.0261    0.6356
     38.00    1.0264    0.6661
     39.00    1.0261    0.6970
     40.00    1.0250    0.7280
     41.00    1.0231    0.7593
     43.00    1.0169    0.8222
     44.00    1.0126    0.8539
     45.00    1.0074    0.8855
     46.00    1.0013    0.9172
     47.00    0.9944    0.9488
     48.00    0.9866    0.9804
     49.00    0.9778    1.0118
     50.00    0.9682    1.0431
     51.00    0.9577    1.0742
     52.00    0.9463    1.1051
     53.00    0.9340    1.1357
     54.00    0.9208    1.1661
     55.00    0.9067    1.1961
     56.00    0.8917    1.2257
     57.00    0.8759    1.2549
     58.00    0.8592    1.2837
     60.00    0.8233    1.3398
     61.00    0.8041    1.3670
     62.00    0.7840    1.3937
     63.00    0.7632    1.4197
     64.00    0.7417    1.4451
     65.00    0.7194    1.4699
     66.00    0.6963    1.4939
     67.00    0.6726    1.5172
     68.00    0.6482    1.5397
     69.00    0.6231    1.5615
     70.00    0.5974    1.5824
     71.00    0.5711    1.6025
     72.00    0.5443    1.6218
     73.00    0.5168    1.6401
     74.00    0.4889    1.6576
     75.00    0.4605    1.6741
     76.00    0.4317    1.6897
     77.00    0.4024    1.7043
     78.00    0.3728    1.7179
     79.00    0.3428    1.7306
     80.00    0.3125    1.7422
     81.00    0.2819    1.7527
     82.00    0.2510    1.7623
     83.00    0.2200    1.7708
     84.00    0.1888    1.7782
     85.00    0.1574    1.7845
     86.00    0.1260    1.7898
     87.00    0.0945    1.7940
     88.00    0.0630    1.7971
     89.00    0.0315    1.7991
     90.00    0.0000    1.8000
     91.00   -0.0314    1.7995
     92.00   -0.0628    1.7978
     93.00   -0.0941    1.7951
     94.00   -0.1253    1.7912
     95.00   -0.1563    1.7863
     96.00   -0.1871    1.7803
     97.00   -0.2177    1.7733
     98.00   -0.2481    1.7651
     99.00   -0.2781    1.7560
    100.00   -0.3078    1.7457
    101.00   -0.3371    1.7345
    102.00   -0.3661    1.7222
    103.00   -0.3945    1.7089
    104.00   -0.4225    1.6947
    105.00   -0.4500    1.6794
    106.00   -0.4769    1.6632
    107.00   -0.5033    1.6461
    108.00   -0.5290    1.6281
    109.00   -0.5541    1.6092
    110.00   -0.5785    1.5894
    111.00   -0.6022    1.5688
    112.00   -0.6252    1.5474
    113.00   -0.6474    1.5252
    114.00   -0.6688    1.5022
    115.00   -0.6894    1.4785
    116.00   -0.7092    1.4541
    117.00   -0.7281    1.4290
    118.00   -0.7461    1.4033
    119.00   -0.7632    1.3769
    120.00   -0.7794    1.3500
    121.00   -0.7947    1.3225
    122.00   -0.8089    1.2945
    123.00   -0.8222    1.2661
    124.00   -0.8345    1.2371
    125.00   -0.8457    1.2078
    126.00   -0.8560    1.1781
    127.00   -0.8651    1.1481
    128.00   -0.8733    1.1177
    129.00   -0.8803    1.0871
    130.00   -0.8863    1.0563
    131.00   -0.8912    1.0253
    132.00   -0.8951    0.9941
    133.00   -0.8978    0.9628
    134.00   -0.8995    0.9314
    135.00   -0.9000    0.9000
    136.00   -0.8995    0.8686
    137.00   -0.8978    0.8372
    138.00   -0.8951    0.8059
    139.00   -0.8912    0.7747
    140.00   -0.8863    0.7437
    141.00   -0.8803    0.7129
    142.00   -0.8733    0.6823
    143.00   -0.8651    0.6519
    144.00   -0.8560    0.6219
    145.00   -0.8457    0.5922
    146.00   -0.8345    0.5629
    147.00   -0.8222    0.5339
    148.00   -0.8089    0.5055
    149.00   -0.7947    0.4775
    150.00   -0.7794    0.4500
    151.00   -0.7632    0.4231
    152.00   -0.7461    0.3967
    153.00   -0.7281    0.3710
    154.00   -0.7092    0.3459
    155.00   -0.6894    0.3215
    156.00   -0.6688    0.2978
    157.00   -0.6474    0.2748
    158.00   -0.6252    0.2526
    159.00   -0.6022    0.2312
    160.00   -0.5785    0.2106
    161.00   -0.5541    0.1908
    162.00   -0.5290    0.1719
    163.00   -0.5033    0.1539
    164.00   -0.4769    0.1368
    165.00   -0.4500    0.1206
    166.00   -0.4225    0.1053
    167.00   -0.3945    0.0911
    168.00   -0.3661    0.0778
    169.00   -0.3371    0.0655
    170.00   -0.3078    0.0543
    171.00   -0.2781    0.0440
    172.00   -0.2481    0.0349
    173.00   -0.2177    0.0267
    174.00   -0.1871    0.0197
    175.00   -0.1563    0.0137
    176.00   -0.1253    0.0088
    177.00   -0.0941    0.0049
    178.00   -0.0628    0.0022
    179.00   -0.0314    0.0005
    180.00   -0.0000    0.0000
    180.00    0.0000    0.0000
